>> mean(mean(abs((m')^2-m)))

ans =

    0.6959

>> m

m =

    0.4387    0.3200    0.7446    0.6833
    0.4983    0.9601    0.2679    0.2126
    0.2140    0.7266    0.4399    0.8392
    0.6435    0.4120    0.9334    0.6288

>> [x,y] = find(m == max(max(m)))

x =

     2


y =

     2

>> [x,y] = find(m == min(min(m)))

x =

     2

y =

     4

>> [x,y] = find(m > mean(mean(abs((m')^2-m))))

x =

     2
     3
     1
     4
     3

y =

     2
     2
     3
     3
     4